MEME version 5.4.1

ALPHABET= ACGT

strands: + -

Background letter frequencies (from unknown source):
A 0.237 C 0.263 G 0.263 T 0.237

MOTIF GYMCCTACTRTGTGC MEME-1

log-odds matrix: alength= 4 w= 15 E= 1.5e-233
    18   -135    118   -294
  -172     79    -59     34
   112     28   -121   -220
 -1324    190   -467   -452
 -1324    191  -1324   -452
 -1324   -267  -1324    202
   208  -1324  -1324  -1324
 -1324    190   -467   -452
 -1324  -1324  -1324    208
    83   -309    105  -1324
   -62   -267   -367    172
 -1324   -109    174  -1324
  -252      3   -367    150
  -352  -1324    187   -352
 -1324    177   -309   -172


letter-probability matrix: alength= 4 w= 15 nsites= 97 E= 1.5e-233
0.268041 0.103093 0.597938 0.030928
0.072165 0.453608 0.175258 0.298969
0.515464 0.319588 0.113402 0.051546
0.000000 0.979381 0.010309 0.010309
0.000000 0.989691 0.000000 0.010309
0.000000 0.041237 0.000000 0.958763
1.000000 0.000000 0.000000 0.000000
0.000000 0.979381 0.010309 0.010309
0.000000 0.000000 0.000000 1.000000
0.422680 0.030928 0.546392 0.000000
0.154639 0.041237 0.020619 0.783505
0.000000 0.123711 0.876289 0.000000
0.041237 0.268041 0.020619 0.670103
0.020619 0.000000 0.958763 0.020619
0.000000 0.896907 0.030928 0.072165