MEME version 5.4.1

ALPHABET= ACGT

strands: + -

Background letter frequencies (from unknown source):
A 0.201 C 0.299 G 0.299 T 0.201

MOTIF CCASCAGRGGGCRSY MEME-1

log-odds matrix: alength= 4 w= 15 E= 4.4e-800
  -128    143   -203   -236
  -404    171   -693   -536
   190   -362   -110   -119
  -278     82     48   -304
   -69     86   -218     42
   214   -394   -269   -212
  -478  -1532    172   -536
   117   -594     86  -1532
  -204   -693    114     52
  -356  -1532    171   -636
  -165   -388    155   -235
  -123    149   -483   -160
    97   -407     93   -333
  -160     95      9   -235
   -93     50   -206     99


letter-probability matrix: alength= 4 w= 15 nsites= 410 E= 4.4e-800
0.082927 0.804878 0.073171 0.039024
0.012195 0.980488 0.002439 0.004878
0.748780 0.024390 0.139024 0.087805
0.029268 0.529268 0.417073 0.024390
0.124390 0.541463 0.065854 0.268293
0.887805 0.019512 0.046341 0.046341
0.007317 0.000000 0.987805 0.004878
0.453659 0.004878 0.541463 0.000000
0.048780 0.002439 0.660976 0.287805
0.017073 0.000000 0.980488 0.002439
0.063906 0.020241 0.876338 0.039515
0.085857 0.837314 0.010485 0.066345
0.393174 0.017802 0.569021 0.020003
0.066345 0.576338 0.317802 0.039515
0.105369 0.422680 0.071460 0.400491