MEME version 5.4.1

ALPHABET= ACGT

strands: + -

Background letter frequencies (from unknown source):
A 0.255 C 0.245 G 0.245 T 0.255

MOTIF BYYCYTGTTTACWYW MEME-1

log-odds matrix: alength= 4 w= 15 E= 2.4e-739
  -151     77     -3     -1
  -163     72    -35     34
  -151     98    -59      5
  -163    107      4    -76
   -61      4    -99     85
  -648   -558   -643    196
    28   -558    148   -877
 -1542  -1542  -1542    197
 -1542  -1542   -329    193
 -1542   -675     -9    159
   167  -1542    -45   -522
  -548    177   -617    -73
    47   -124   -777    109
  -252     33   -148    113
    90   -323   -219     80


letter-probability matrix: alength= 4 w= 15 nsites= 439 E= 2.4e-739
0.089418 0.417415 0.239739 0.253427
0.082585 0.403748 0.191903 0.321765
0.089418 0.483475 0.162290 0.264817
0.082585 0.515365 0.251128 0.150922
0.166867 0.251128 0.123566 0.458439
0.002858 0.005115 0.002837 0.989191
0.310375 0.005115 0.683930 0.000580
0.000000 0.000000 0.000000 1.000000
0.000000 0.000000 0.025057 0.974943
0.000000 0.002278 0.230068 0.767654
0.813212 0.000000 0.179954 0.006834
0.005716 0.837109 0.003396 0.153780
0.354235 0.103623 0.001118 0.541023
0.044440 0.308635 0.087678 0.559247
0.474964 0.026175 0.053510 0.445351