MEME version 5.4.1

ALPHABET= ACGT

strands: + -

Background letter frequencies (from unknown source):
A 0.223 C 0.277 G 0.277 T 0.223

MOTIF YTGGCWBYBKGCCAR MEME-1

log-odds matrix: alength= 4 w= 15 E= 1.9e-812
  -356     65   -668    129
  -478   -568   -129    197
 -1518  -1518    185  -1518
  -437  -1518    184  -1518
   -91    163   -336  -1518
    29    -47   -216    106
  -146     45    -11     36
  -267     71    -96     73
  -133     45    -18     37
  -128   -173      4    127
  -637   -351    143      4
 -1518    185  -1518   -637
 -1518    185  -1518  -1518
   203   -204  -1518   -356
    93   -288     86   -267


letter-probability matrix: alength= 4 w= 15 nsites= 371 E= 1.9e-812
0.018868 0.433962 0.002695 0.544474
0.008086 0.005391 0.113208 0.873315
0.000000 0.000000 1.000000 0.000000
0.010782 0.000000 0.989218 0.000000
0.118598 0.854447 0.026954 0.000000
0.272237 0.199461 0.061995 0.466307
0.080863 0.377358 0.256065 0.285714
0.035040 0.452830 0.142857 0.369272
0.088949 0.377358 0.245283 0.288410
0.091644 0.083558 0.285714 0.539084
0.002695 0.024259 0.743935 0.229111
0.000000 0.997305 0.000000 0.002695
0.000000 1.000000 0.000000 0.000000
0.913747 0.067385 0.000000 0.018868
0.425876 0.037736 0.501348 0.035040